Gryffindor:-3.752502296192844,-0.459778920981977,-3.140967693437196,-0.025642512131378553,5.983834183817199,-6.35375347601541,6.777790405633285
Hufflepuff:0.5152044884303945,5.816002590492035,-5.479666264816991,3.5329402182590166,-8.51158350752392,3.245113149414107,-5.382953090948845
Ravenclaw:-5.972250597715005,-5.938017568970355,0.3067231508054293,2.2321534778800296,4.953978455831427,6.870400030057939,-1.4216851908434536
Slytherin:3.4524940280251815,-2.196802727733576,5.5792905954419885,-6.396859008538427,-3.274425241836488,-4.1105232019267435,-2.056400639104269
