Ravenclaw:-3.754270769334627,-1.5219309290342204,-4.915230986147444,2.1506459842882086,1.3068248159531803,1.1795935809306408,4.516723070587568,3.4743810995519087,-0.9800622092554041,-1.1631764756401095,-1.745095697665416,-1.0001374542520198,4.8625294893476685,-1.7183189982527158
Slytherin:1.1297455293459902,0.5699804581268484,-2.641164016801905,-3.381951102186003,3.7502281947375615,-5.3185772261731845,-1.781539419918223,-2.4446661716072366,1.2274545357484306,1.7753549916742875,2.8709038465050845,0.2529829346014681,-2.759775312845778,-1.6731131287664616
Gryffindor:0.22245693262383542,-0.4896567144759949,1.3156780382701534,-3.226385501633385,-1.0482887557141327,1.5253656151121284,-0.10234275130218853,3.411385107208201,-3.4315200444907394,-3.854098551990163,-0.9873740617508052,0.0694533688592938,-1.6551763262485366,3.8562670719416863
Hufflepuff:-1.484028947754151,-0.13846704221987652,4.1426710094712895,4.8960447240138025,-5.639789534926847,1.8162537121469213,-3.2189587170812515,-5.484048542401395,2.4586120236001396,2.569385709254874,-1.7702191029624246,-0.4452529419916153,-0.06164115699426007,-3.0015637692563235
