Ravenclaw:-0.07416598706493698,-0.055273603558926514,-0.07898501979442152,-0.02202242924438685,-0.023793161592000688,-0.046100526773457454,0.01865610913386993,-0.0162405666078066,-0.049297598201113436,-0.05181392743411793,-0.05629615327714606,-0.03185115010785713,0.023816109985721822,-0.07437097246437611
Slytherin:-0.11689115378764289,-0.0861599238811497,-0.07503092648976464,-0.08577165480877291,-0.03477319249784568,-0.10808923325182276,-0.07076090280720611,-0.07577569163127991,-0.04581828845224776,-0.06523524918864272,-0.053834895668432026,-0.04791309522354473,-0.06872088650836647,-0.07237440707614351
Gryffindor:-0.10698734263834574,-0.08176855169466325,-0.053481150649365025,-0.08584514949428204,-0.0841288119755582,-0.07298062117479866,-0.04584670715099375,-0.02560410381302524,-0.0965571703430168,-0.11787358632984656,-0.07049623421467417,-0.050107454933682904,-0.0837502945485039,-0.009174294534864322
Hufflepuff:-0.06559808718167615,-0.048677724219739094,0.01761848245284811,0.0016458478984015172,-0.060073033684752815,-0.018676334035932444,-0.04216266772166729,-0.05804742647747232,-0.03183700772069469,-0.027060904476789396,-0.043567710665933075,-0.03790863582986808,-0.029769899986856637,-0.031175991201283417
