Gryffindor:-1.786405352096992,0.4738548629153324,-2.2328178029627117,-0.1997258557218189,2.1940799317496684,-3.1800625367573683,3.0680085375676844
Hufflepuff:0.027943335535450385,2.854542301413541,-2.8523466008440903,1.5808259144417547,-3.6170530933695613,0.7112114583540587,-1.9855858022989248
Ravenclaw:-2.7030992327264998,-3.4692575664894973,0.8128018056007141,0.7184259253704065,2.155614934652068,3.265058849221283,-1.0252262372344936
Slytherin:1.1469547885164162,-1.5529619669219352,2.6996734922891577,-3.2414068977074857,-1.4775953858416464,-1.6271507079802332,-1.1608251649988854
